ipv4-pim
     113     113    1243
       4       4      44
      90      90     990
       9       9      99
      45      45     495
       1       1      11
     326     326    3586
       5       5      55
      28      28     308
       0       0       0
infra-distrib
     151     151    1661
       4       4      44
     269     269    2959
       8       8      88
     113     113    1243
       6       6      66
      85      85     935
       5       5      55
      72      72     792
       0       0       0
manageability-cwi
     143     143    1573
       0       0       0
     280     280    3080
       1       1      11
      91      91    1001
       0       0       0
      22      22     242
       0       0       0
       1       1      11
       0       0       0
ipv4-bgp
     107     107    1177
      12      12     132
     548     548    6028
      33      33     363
     189     189    2079
      31      31     341
     364     364    4004
      15      15     165
      90      90     990
       2       2      22
mpls-te
     114     114    1254
       5       5      55
     337     337    3707
       5       5      55
     117     117    1287
       8       8      88
     107     107    1177
       2       2      22
      27      27     297
       3       3      33
ipv4-ospf
      89      89     979
      21      21     231
     247     247    2717
      24      24     264
      78      78     858
      14      14     154
      94      94    1034
       7       7      77
      81      81     891
       3       3      33
fabric-fsdb
     110     110    1210
       0       0       0
      50      50     550
       5       5      55
      25      25     275
       4       4      44
      15      15     165
       4       4      44
      17      17     187
       3       3      33
sysmgr
      79      79     869
       6       6      66
     163     163    1793
       2       2      22
      71      71     781
       1       1      11
      46      46     506
       3       3      33
      41      41     451
       0       0       0
c12000-platform-lc
     129     129    1419
       0       0       0
     353     353    3883
       0       0       0
      26      26     286
       3       3      33
      13      13     143
       1       1      11
       6       6      66
       1       1      11
service-sbc-app
       0       0       0
       0       0       0
     711     711    7821
       0       0       0
     704     704    7744
       0       0       0
     542     542    5962
       4       4      44
      32      32     352
       6       6      66
fib-common
       9       9      99
       0       0       0
     562     562    6182
      19      19     209
     116     116    1276
      19      19     209
     355     355    3905
       5       5      55
     106     106    1166
       1       1      11
installmgr
      80      80     880
       3       3      33
     248     248    2728
       6       6      66
     138     138    1518
       3       3      33
      46      46     506
       2       2      22
      46      46     506
       0       0       0
c12000-qos
       4       4      44
       0       0       0
     298     298    3278
       1       1      11
      87      87     957
       3       3      33
     137     137    1507
       0       0       0
     168     168    1848
       0       0       0
crypto-ipsec
      29      29     319
       0       0       0
       9       9      99
       1       1      11
     257     257    2827
       1       1      11
      57      57     627
       0       0       0
      76      76     836
       0       0       0
l2vpn
       0       0       0
       0       0       0
       1       1      11
       0       0       0
     260     260    2860
       2       2      22
     169     169    1859
       1       1      11
      99      99    1089
       3       3      33
crypto-ike
       5       5      55
       0       0       0
       3       3      33
       0       0       0
     192     192    2112
       1       1      11
      56      56     616
       0       0       0
      79      79     869
       3       3      33
multilink3020
       0       0       0
       0       0       0
       0       0       0
       0       0       0
     196     196    2156
       0       0       0
     118     118    1298
       0       0       0
      22      22     242
       1       1      11
atm-vcm
       0       0       0
       0       0       0
     101     101    1111
       0       0       0
     136     136    1496
       1       1      11
       5       5      55
       0       0       0
       8       8      88
       1       1      11
ipv4-pim
     113     113    1243
       4       4      44
      90      90     990
       9       9      99
      45      45     495
       1       1      11
     326     326    3586
       5       5      55
      28      28     308
       0       0       0
service-sbc-infra
       0       0       0
       0       0       0
     173     173    1903
       0       0       0
      69      69     759
       0       0       0
     271     271    2981
       5       5      55
      18      18     198
       0       0       0
gsr-multicast
     120     120    1320
       0       0       0
     203     203    2233
       0       0       0
      46      46     506
       0       0       0
     247     247    2717
       0       0       0
      44      44     484
       0       0       0
ipv4-mfwd
      53      53     583
       0       0       0
      39      39     429
       8       8      88
      14      14     154
       1       1      11
     179     179    1969
       3       3      33
      22      22     242
       0       0       0
c12000-l2tpv3
       0       0       0
       0       0       0
       0       0       0
       0       0       0
       0       0       0
       0       0       0
     182     182    2002
       0       0       0
      19      19     209
       0       0       0
mfr
       0       0       0
       0       0       0
       0       0       0
       0       0       0
       0       0       0
       0       0       0
       2       2      22
       0       0       0
     221     221    2431
       0       0       0
hfr-lc-qos-ea
      56      56     616
       1       1      11
     101     101    1111
       2       2      22
      24      24     264
       3       3      33
       9       9      99
       0       0       0
      94      94    1034
       3       3      33
c12000-bundlemgr
       0       0       0
       0       0       0
       0       0       0
       0       0       0
       1       1      11
       0       0       0
      61      61     671
       0       0       0
     115     115    1265
       0       0       0
parser
      76      76     836
       5       5      55
     129     129    1419
      18      18     198
      51      51     561
       3       3      33
      34      34     374
       5       5      55
      54      54     594
       2       2      22
