aaa
      75      75     825
      17      17     187
      83      83     913
      25      25     275
      74      74     814
      10      10     110
      34      34     374
       2       2      22
      13      13     143
       1       1      11
snmp-agent
      48      48     528
      17      17     187
      57      57     627
      15      15     165
      47      47     517
       8       8      88
      10      10     110
       2       2      22
      42      42     462
       2       2      22
mpls-ldp
      45      45     495
       6       6      66
      77      77     847
       7       7      77
      41      41     451
       7       7      77
      41      41     451
       5       5      55
      60      60     660
       1       1      11
qos-mibs-qosmi7434
       3       3      33
       1       1      11
      10      10     110
      13      13     143
      12      12     132
       3       3      33
       6       6      66
       3       3      33
      54      54     594
       3       3      33
hfr-invmgr
      56      56     616
       4       4      44
      34      34     374
       7       7      77
      16      16     176
       8       8      88
       7       7      77
       2       2      22
      12      12     132
       0       0       0
clns-isis
      41      41     451
      10      10     110
      79      79     869
       7       7      77
      26      26     286
       1       1      11
      36      36     396
       3       3      33
      10      10     110
       1       1      11
config-cfgmgr
      72      72     792
       2       2      22
     138     138    1518
      11      11     121
      65      65     715
       7       7      77
      42      42     462
       2       2      22
      50      50     550
       2       2      22
envmon
      19      19     209
       9       9      99
      32      32     352
       8       8      88
      14      14     154
       4       4      44
       3       3      33
       1       1      11
       7       7      77
       2       2      22
infra-syslog
      42      42     462
       9       9      99
      38      38     418
       6       6      66
       6       6      66
       5       5      55
      20      20     220
       3       3      33
       7       7      77
       0       0       0
hfr-shelfmgr
      29      29     319
       6       6      66
      39      39     429
      10      10     110
      15      15     165
       1       1      11
      13      13     143
       3       3      33
      10      10     110
       0       0       0
sysdb
      40      40     440
       4       4      44
     182     182    2002
       7       7      77
      37      37     407
       5       5      55
      50      50     550
       2       2      22
      59      59     649
       2       2      22
infra-watchdog
      23      23     253
      11      11     121
      27      27     297
       4       4      44
      19      19     209
       1       1      11
       9       9      99
       0       0       0
      14      14     154
       1       1      11
os
      30      30     330
       5       5      55
      61      61     671
      10      10     110
      19      19     209
       4       4      44
      27      27     297
       1       1      11
      14      14     154
       0       0       0
hfr-egressq
      11      11     121
      11      11     121
       7       7      77
       4       4      44
       7       7      77
       3       3      33
       4       4      44
       1       1      11
       2       2      22
       0       0       0
hfr-metro-ucode
      25      25     275
       6       6      66
      59      59     649
       4       4      44
      37      37     407
       5       5      55
      49      49     539
       1       1      11
      28      28     308
       1       1      11
ip-rsvp
      47      47     517
       6       6      66
      98      98    1078
       4       4      44
      59      59     649
       2       2      22
       8       8      88
       0       0       0
       5       5      55
       0       0       0
ip-rsvp
      23      23     253
       3       3      33
      25      25     275
       9       9      99
       4       4      44
       4       4      44
      10      10     110
       1       1      11
       7       7      77
       0       0       0
ha-lrd
      51      51     561
       0       0       0
     194     194    2134
       5       5      55
      37      37     407
       3       3      33
      46      46     506
       4       4      44
      19      19     209
       1       1      11
hfr-fabricq
      41      41     451
       6       6      66
      31      31     341
       3       3      33
      23      23     253
       2       2      22
      14      14     154
       2       2      22
       3       3      33
       0       0       0
hfr-lc-fib-common
       1       1      11
       0       0       0
     110     110    1210
      14      14     154
      27      27     297
       4       4      44
     105     105    1155
       1       1      11
      44      44     484
       0       0       0
ifmgr
     108     108    1188
       4       4      44
     204     204    2244
      10      10     110
     102     102    1122
       3       3      33
      75      75     825
       0       0       0
      67      67     737
       0       0       0
manageability-perf
      12      12     132
       7       7      77
      15      15     165
       4       4      44
       9       9      99
       2       2      22
       4       4      44
       2       2      22
       9       9      99
       0       0       0
platforms-hfr-ceth
      16      16     176
       1       1      11
      33      33     363
       9       9      99
      25      25     275
       3       3      33
      19      19     209
       4       4      44
       7       7      77
       1       1      11
policy-repository
      14      14     154
       0       0       0
      59      59     649
       5       5      55
      22      22     242
       4       4      44
      23      23     253
       1       1      11
       5       5      55
       1       1      11
snmp-ifmib
      11      11     121
       8       8      88
       9       9      99
       0       0       0
      12      12     132
       2       2      22
       4       4      44
       2       2      22
       5       5      55
       1       1      11
hfr-lc-fib-mpls
       0       0       0
       0       0       0
      68      68     748
       6       6      66
      21      21     231
       3       3      33
      34      34     374
       5       5      55
      10      10     110
       0       0       0
ip-rib
      66      66     726
       2       2      22
     106     106    1166
       3       3      33
      33      33     363
       3       3      33
      52      52     572
       2       2      22
      31      31     341
       0       0       0
